*Expected Value Problem
Parameters
 D(t)    electricity demand
         /       1       940.93
                 2       872.4
                 3       983.23
                 4       951.7
                 5       1029.93
                 6       975.13
                 7       1007.77
                 8       995.57
                 9       953.93
                 10      986.27
                 11      929.8
                 12      948.2
                 13      940.93
                 14      872.4
                 15      983.23
                 16      951.7
                 17      1029.93
                 18      975.13
                 19      1007.77
                 20      995.57
                 21      953.93
                 22      986.27
                 23      929.8
                 24      948.2/;
Table    A(i,t)  water inflow
               1         2         3         4         5          6          7          8          9           10         11         12        13        14        15        16        17        18          19         20         21          22         23         24
         1     53.62     40.50     41.84     42.98     104.89     478.17     680.96     923.46     1662.25     976.39     189.68     82.71     67.71     53.46     32.36     51.11     218.29    557.80      708.38     940.12     1187.14     633.17     152.20     95.46
         2     54.26     45.34     43.87     55.16     131.99     509.54     716.58     1042.16    1713.62     997.33     188.34     83.08     66.37     52.83     39.48     56.04     260.07    613.21      737.85     1034.08    1161.37     678.17     151.58     102.21
         3     128.56    116.22    87.15     122.76    322.48     961.37     1358.43    1912.32    3114.60     2359.78    324.05     180.47    132.47    101.61    86.57     114.41    486.99    1206.84     1245.56    1709.57    2137.11     1422.98    382.27     172.97
         4     12.24     8.66      6.66      7.28      31.25      73.90      66.51      80.59      92.79       84.90      35.35      23.61     12.92     6.95      6.26      8.08      30.02     79.57       101.46     72.66      96.36       95.77      38.66      25.22
         5     16.71     12.11     10.33     12.14     40.44      79.89      78.50      106.96     111.59      88.01      43.46      27.53     21.26     12.08     12.63     11.82     32.35     75.11       84.57      82.70      88.41       90.48      52.43      37.92;

*Recourse Problem under Inflow Uncertainty

Table    A(omega,i,t) water inflow
                   1         2          3          4          5          6          7          8            9            10           11          12         13         14         15         16         17         18           19          20           21           22          23         24
         1. 1      68.3      56.13      49.02      21.26      93.74      543.8      554.7      1053.15      934.93       1038.42      107.3       53.3       47.94      55.88      25.98      33.96      105         358.73      414.35      1158.14      1085.01      663.17      117.16     45.8
         1. 2      60.80     65.56      49.28      25.92      103.39     548.99     570.50     1045.11      1065.31      1037.08      137.38      51.69      55.71      55.64      31.07      46.92      132.31      369.10      438.19      1228.85      1068.16      711.92      106.53     33.21
         1. 3      173.29    187.97     90.53      92.28      280.96     956.71     1037.08    1720.07      1909.79      3675.57      221.88      120.80     101.78     97.25      65.35      96.16      218.56      602.90      964.76      2881.42      1843.17      1261.53     238.20     61.60
         1. 4      19.04     4.77       6.85       4.78       28.94      65.77      54.70      66.24        115.86       91.60        43.16       15.47      11.20      8.15       0.36       0.53       32.75       71.59       62.34       85.75        123.06       83.88       46.97      42.92
         1. 5      24.09     16.83      14.46      7.16       46.87      51.29      23.08      97.63        73.63        81.77        39.34       22.09      26.31      18.10      14.89      13.73      25.00       64.97       59.79       83.38        82.82        96.11       51.06      49.42
         2. 1      40.44     41.37      51.96      26.96      118.12     568.95     632.64     645.49       1452.82      841.29       267.49      86.24      61.34      42.58      21.43      14.00      169.55      434.42      424.26      748.88       1295.48      522.29      89.94      88.66
         2. 2      43.39     39.19      47.68      37.32      147.58     581.39     758.26     975.47       1782.52      1163.23      259.46      98.30      70.71      43.06      25.98      17.11      226.32      508.03      456.40      962.35       1417.05      702.54      82.94      92.67
         2. 3      104.73    94.11      85.17      71.28      340.96     997.92     1333.31    1702.39      3703.45      2810.98      456.97      233.82     132.85     80.32      102.05     40.18      441.13      877.91      877.44      1275.19      2413.15      1549.45     186.88     175.70
         2. 4      12.44     10.64      11.08      3.03       44.75      76.82      66.89      63.98        81.69        68.82        38.32       26.00      12.74      6.56       10.43      9.05       22.20       70.44       97.34       36.08        80.71        68.76       40.43      33.86
         2. 5      16.77     12.70      10.14      11.19      50.17      89.80      124.52     115.74       128.25       98.44        51.01       28.90      25.95      8.23       11.72      6.06       38.85       87.09       91.00       63.75        83.35        89.68       50.77      34.43
         3. 1      57.32     52.26      34.82      41.21      111.69     501.29     731.74     634.25       1674.69      803.79       129.08      85.98      72.59      47.90      37.77      46.91      177.58      537.32      406.04      1040.29      545.36       576.66      116.90     45.27
         3. 2      61.60     60.48      45.53      54.43      117.85     502.85     736.56     664.24       1570.75      787.45       137.38      80.35      72.32      53.22      42.85      49.25      182.13      515.81      324.09      1151.71      565.06       640.14      121.82     50.89
         3. 3      156.42    164.02     87.58      153.45     398.01     973.56     1199.39    1794.53      2432.07      1218.14      227.58      212.40     185.08    140.31      74.73      111.97     290.61      1145.15     643.35      1576.77      1158.11      1331.43     292.64     110.35
         3. 4      11.72     7.63       6.10       6.82       24.70      83.14      100.30     97.09        71.37        82.09        24.79       23.55      7.64       0.19       8.07       8.18       38.39       87.17       145.18      99.03        115.01       76.75       39.55      11.27
         3. 5      16.19     8.89       13.83      11.43      46.43      89.94      41.11      96.04        114.65       96.46        37.18       36.05      18.31      13.38      13.18      12.78      24.22       75.65       85.28       79.94        116.13       83.57       57.77      35.92
         4. 1      66.69     30.48      38.57      95.64      144.64     573.61     769.24     1200.46      2094.59      1573.83      253.24      101.51     94.82      77.90      50.09      47.69      408.99      835.66      1196.17     609.87       1812.33      683.79      199.59     125.89
         4. 2      61.60     29.76      32.68      111.46     216.95     585.79     763.34     1290.99      2024.35      1347.24      228.10      91.07      72.32      62.90      64.28      64.80      487.47      987.55      1242.78     650.85       1775.52      691.03      209.95     152.67
         4. 3      115.17    70.16      61.60      142.56     353.55     1168.99    1178.50    2324.85      4256.06      2488.23      396.58      176.77     131.24     89.51      91.07      98.50      891.91      1936.22     2006.12     1074.04      3403.30      1740.96     655.78     216.95
         4. 4      17.34     12.77      2.52       17.13      27.53      71.48      44.51      80.68        124.45       113.83       28.00       24.63      19.14      11.35      2.22       6.25       31.77       89.10       135.06      117.92       118.47       76.96       24.63      26.22
         4. 5      22.21     14.97      3.53       24.66      22.23      70.02      76.49      118.17       118.79       79.47        60.65       27.73      25.98      14.61      9.88       16.90      40.35       95.05       111.34      95.45        94.80        88.32       44.46      33.83
         5. 1      35.36     22.25      34.82      29.81      56.25      203.21     716.47     1083.95      2154.21      624.60       191.29      86.52      61.87      43.06      26.52      113.01     230.35      622.86      1101.09     1143.41      1197.51      719.96      237.43     171.68
         5. 2      43.93     31.69      44.19      46.66      74.19      328.67     754.24     1235.01      2125.18      651.65       179.37      94.01      60.80      49.35      33.21      102.12     272.13      685.58      1227.78     1176.62      981.07       645.23      236.65     181.60
         5. 3      93.21     64.83      110.89     154.22     238.91     709.69     2043.89    2019.78      3271.62      1605.97      317.26      158.56     111.42     100.64     99.64      225.24     592.73      1472.00     1736.14     1740.42      1867.80      1231.53     537.84     300.25
         5. 4      0.67      7.49       6.75       4.65       30.35      72.31      66.14      94.97        70.59        68.17        42.50       28.41      13.87      8.49       10.20      16.38      25.01       79.56       67.37       24.50        44.56        172.50      41.70      11.83
         5. 5      4.28      7.14       9.67       6.24       36.52      98.41      127.31     107.21       122.64       83.90        29.11       22.86      9.75       6.08       13.49      9.62       33.31       52.78       75.42       90.99        64.95        94.72       58.07      36.00;
